Commune;Valeur fonciere;Code postal;Surface reelle bati;Nombre pieces principales;Prix au m2 (Surface bati)
CHAILLY-EN-BRIE;218000.0;77120.0;10.0;1.0;21800.0
BARBIZON;489250.0;77630.0;31.0;1.0;17492.0
CROIX-EN-BRIE (LA);160000.0;77370.0;12.0;1.0;13333.0
SAINT-CYR-SUR-MORIN;82000.0;77750.0;9.0;0.0;9111.0
CHELLES;308642.0;77500.0;54.0;3.0;8477.0
COURTRY;345612.0;77181.0;53.0;3.0;7961.0
FONTAINEBLEAU;303259.0;77300.0;57.0;3.0;6649.0
CHALIFERT;288429.0;77144.0;42.0;2.0;6101.0
SAMOIS SUR SEINE;140367.0;77920.0;26.0;2.0;5776.0
LUZANCY;219885.0;77138.0;46.0;2.0;5100.0
SAINT-FIACRE;292000.0;77470.0;71.0;2.0;4936.0
MONTRY;165799.0;77450.0;43.0;2.0;4903.0
GRETZ-ARMAINVILLIERS;223672.0;77220.0;54.0;3.0;4855.0
MONTEVRAIN;257770.0;77144.0;55.0;3.0;4769.0
SERRIS;260893.0;77700.0;56.0;3.0;4768.0
MAGNY-LE-HONGRE;222385.0;77700.0;50.0;2.0;4736.0
THORIGNY SUR MARNE;202719.0;77400.0;52.0;3.0;4674.0
CROISSY-BEAUBOURG;238200.0;77183.0;53.0;2.0;4509.0
CHESSY;261669.0;77700.0;61.0;3.0;4424.0
MONTIGNY-SUR-LOING;125238.0;77690.0;49.0;2.0;4401.0
FERRIERES-EN-BRIE;204687.0;77164.0;48.0;2.0;4344.0
BUSSY-SAINT-GEORGES;230699.0;77600.0;56.0;3.0;4312.0
SAMMERON;235400.0;77260.0;56.0;3.0;4302.0
FRESNES-SUR-MARNE;197000.0;77410.0;46.0;2.0;4283.0
BAILLY-ROMAINVILLIERS;218260.0;77700.0;53.0;3.0;4265.0
BRIE COMTE ROBERT;201165.0;77170.0;53.0;3.0;4222.0
OZOIR LA FERRIERE;193856.0;77330.0;49.0;2.0;4215.0
MELUN;231080.0;77000.0;51.0;2.0;4213.0
JOSSIGNY;147000.0;77600.0;35.0;2.0;4200.0
OZOUER-LE-VOULGIS;224800.0;77390.0;54.0;2.0;4171.0
VILLENOY;192623.0;77124.0;50.0;2.0;4158.0
VILLEVAUDE;215138.0;77410.0;59.0;3.0;4120.0
VILLENEUVE-SAINT-DENIS;236940.0;77174.0;59.0;3.0;4105.0
TOURNAN-EN-BRIE;166152.0;77220.0;49.0;2.0;4034.0
GUERMANTES;211000.0;77600.0;54.0;3.0;4003.0
POMPONNE;205092.0;77400.0;52.0;2.0;3994.0
SERVON;190043.0;77170.0;49.0;2.0;3949.0
PONTAULT COMBAULT;195085.0;77340.0;52.0;2.0;3947.0
BUSSY-SAINT-MARTIN;234648.0;77600.0;60.0;3.0;3943.0
DAMMARTIN-EN-GOELE;174226.0;77230.0;45.0;2.0;3942.0
COUPVRAY;218133.0;77700.0;55.0;2.0;3941.0
SAINT THIBAULT DES VIGNES;214926.0;77400.0;56.0;3.0;3937.0
ESBLY;169441.0;77450.0;46.0;2.0;3899.0
FAVIERES;186750.0;77220.0;50.0;2.0;3857.0
JOUY-LE-CHATEL;274107.0;77970.0;70.0;3.0;3854.0
CHATELET-EN-BRIE (LE);135743.0;77820.0;46.0;2.0;3837.0
EMERAINVILLE;237937.0;77184.0;65.0;3.0;3837.0
CLAYE-SOUILLY;201677.0;77410.0;54.0;3.0;3814.0
MAINCY;142745.0;77950.0;40.0;2.0;3814.0
LAGNY-SUR-MARNE;189116.0;77400.0;54.0;2.0;3810.0
CHANTELOUP EN BRIE;238301.0;77600.0;64.0;3.0;3794.0
TORCY;218601.0;77200.0;62.0;3.0;3787.0
SAINT-GERMAIN-SUR-MORIN;209512.0;77860.0;58.0;3.0;3777.0
GRESSY;206875.0;77410.0;55.0;3.0;3776.0
LONGPERRIER;170046.0;77230.0;50.0;2.0;3722.0
PONTCARRE;158618.0;77135.0;44.0;2.0;3700.0
MESSY;174994.0;77410.0;48.0;2.0;3676.0
BOIS LE ROI;188071.0;77590.0;51.0;2.0;3669.0
COLLEGIEN;196647.0;77090.0;53.0;2.0;3650.0
ANNET-SUR-MARNE;135650.0;77410.0;38.0;2.0;3647.0
CHEVRY-COSSIGNY;209327.0;77173.0;60.0;3.0;3631.0
GRISY-SUISNES;168050.0;77166.0;48.0;2.0;3621.0
OTHIS;161570.0;77280.0;45.0;2.0;3617.0
CHAMPEAUX;121750.0;77720.0;34.0;2.0;3600.0
MOUSSY-LE-NEUF;164075.0;77230.0;46.0;2.0;3578.0
VAIRES SUR MARNE;205290.0;77360.0;60.0;3.0;3564.0
CHAMPS-SUR-MARNE;223289.0;77420.0;67.0;3.0;3544.0
CRECY LA CHAPELLE;177390.0;77580.0;52.0;2.0;3541.0
LIEUSAINT;195303.0;77127.0;57.0;3.0;3521.0
VERT-SAINT-DENIS;168642.0;77240.0;50.0;2.0;3510.0
SAINT-PATHUS;150200.0;77178.0;45.0;2.0;3496.0
LE PIN;193979.0;77181.0;58.0;3.0;3493.0
SAMOREAU;222750.0;77210.0;67.0;4.0;3482.0
MOUSSY-LE-VIEUX;161429.0;77230.0;49.0;2.0;3479.0
PRESLES-EN-BRIE;158570.0;77220.0;45.0;2.0;3471.0
GUIGNES;184944.0;77390.0;55.0;3.0;3456.0
NANTEUIL-LES-MEAUX;175971.0;77100.0;54.0;2.0;3420.0
ISLES-LES-VILLENOY;195246.0;77450.0;57.0;2.0;3408.0
CHAUCONIN-NEUFMONTIERS;166500.0;77124.0;49.0;2.0;3405.0
NEUFMOUTIERS-EN-BRIE;167670.0;77610.0;50.0;2.0;3405.0
LOGNES;204764.0;77185.0;63.0;3.0;3404.0
BOULEURS;200550.0;77580.0;59.0;3.0;3402.0
CHATRES;179000.0;77610.0;53.0;2.0;3377.0
MITRY MORY;159184.0;77290.0;52.0;3.0;3368.0
LESIGNY;187492.0;77150.0;59.0;2.0;3358.0
RUBELLES;201025.0;77950.0;60.0;3.0;3350.0
ROISSY-EN-BRIE;189661.0;77680.0;63.0;3.0;3350.0
VILLEPARISIS;168852.0;77270.0;53.0;3.0;3341.0
CESSON;173490.0;77240.0;56.0;2.0;3310.0
MAREUIL-LES-MEAUX;133764.0;77100.0;44.0;2.0;3290.0
BOURRON-MARLOTTE;174775.0;77780.0;58.0;2.0;3270.0
CONDE-SAINTE-LIBIAIRE;142000.0;77450.0;46.0;2.0;3259.0
VERNEUIL-L ETANG;146667.0;77390.0;46.0;2.0;3242.0
TOUQUIN;136000.0;77131.0;42.0;2.0;3238.0
MEAUX;170833.0;77100.0;58.0;3.0;3236.0
THOMERY;176800.0;77810.0;55.0;3.0;3215.0
VILLIERS-SUR-MORIN;204352.0;77580.0;67.0;2.0;3194.0
BROU-SUR-CHANTEREINE;172475.0;77177.0;57.0;3.0;3191.0
JUILLY;206900.0;77230.0;65.0;3.0;3189.0
HERICY;107000.0;77850.0;34.0;2.0;3180.0
SAINT-SOUPPLETS;100885.0;77165.0;35.0;1.0;3135.0
HOUSSAYE-EN-BRIE (LA);126500.0;77610.0;41.0;2.0;3124.0
TRILPORT;118018.0;77470.0;41.0;2.0;3112.0
MORTCERF;140838.0;77163.0;46.0;2.0;3106.0
YEBLES;208700.0;77390.0;67.0;3.0;3097.0
VARREDDES;130449.0;77910.0;44.0;2.0;3092.0
THIEUX;131214.0;77230.0;44.0;2.0;3091.0
MARLES-EN-BRIE;111665.0;77610.0;36.0;2.0;3076.0
NANDY;178245.0;77176.0;61.0;3.0;3065.0
QUINCY-VOISINS;190170.0;77860.0;64.0;3.0;3059.0
FONTENAY-TRESIGNY;188211.0;77610.0;63.0;3.0;3051.0
COUTEVROULT;178884.0;77580.0;58.0;3.0;3042.0
NOISIEL;206688.0;77186.0;71.0;3.0;3039.0
SOIGNOLLES-EN-BRIE;155277.0;77111.0;54.0;2.0;3029.0
CHARNY;205210.0;77410.0;69.0;3.0;3021.0
SAINT-MARD;126317.0;77230.0;43.0;2.0;3020.0
VILLENEUVE SOUS DAMMARTIN;181500.0;77230.0;61.0;3.0;2978.0
EVRY-GREGY-SUR-YERRE;240327.0;77166.0;82.0;3.0;2968.0
DAMPMART;175919.0;77400.0;70.0;3.0;2966.0
CREGY-LES-MEAUX;134397.0;77124.0;48.0;2.0;2948.0
GOUVERNES;187000.0;77400.0;65.0;3.0;2921.0
NEMOURS;144872.0;77140.0;50.0;2.0;2910.0
COURPALAY;139000.0;77540.0;48.0;3.0;2896.0
FONTENAILLES;160500.0;77370.0;49.0;2.0;2889.0
MARCILLY;153500.0;77139.0;53.0;3.0;2886.0
URY;300000.0;77760.0;104.0;2.0;2885.0
MORMANT;147481.0;77720.0;53.0;2.0;2884.0
CHARTRETTES;199968.0;77590.0;73.0;3.0;2878.0
MOISSY-CRAMAYEL;162593.0;77550.0;58.0;3.0;2873.0
CONGIS-SUR-THEROUANNE;114900.0;77440.0;40.0;2.0;2872.0
CHAMPAGNE SUR SEINE;135131.0;77430.0;50.0;2.0;2866.0
FOUJU;154000.0;77390.0;54.0;3.0;2852.0
MORET-LOING-ET-ORVANNE;146867.0;77250.0;54.0;3.0;2840.0
PRINGY;175278.0;77310.0;61.0;3.0;2839.0
BEAUTHEIL-SAINTS;98300.0;77120.0;35.0;2.0;2828.0
SOLERS;163347.0;77111.0;60.0;3.0;2824.0
POMMEUSE;137225.0;77515.0;53.0;3.0;2772.0
CANNES-ECLUSE;175381.0;77130.0;64.0;3.0;2769.0
CHAUMES-EN-BRIE;139573.0;77390.0;53.0;2.0;2754.0
CHAPELLE-IGER (LA);141000.0;77540.0;52.0;2.0;2744.0
COMBS LA VILLE;161611.0;77380.0;63.0;3.0;2734.0
DAMMARIE LES LYS;141284.0;77190.0;55.0;3.0;2717.0
VAUDOUE (LE);160000.0;77123.0;59.0;4.0;2712.0
SAINT-FARGEAU-PONTHIERRY;150474.0;77310.0;59.0;3.0;2712.0
COUBERT;145106.0;77170.0;55.0;3.0;2690.0
SAVIGNY-LE-TEMPLE;161106.0;77176.0;63.0;3.0;2676.0
VILLENEUVE-LE-COMTE;180000.0;77174.0;68.0;2.0;2612.0
ARBONNE-LA-FORET;261000.0;77630.0;100.0;3.0;2610.0
MOUROUX;129714.0;77120.0;54.0;3.0;2599.0
MAUPERTHUIS;155000.0;77120.0;60.0;4.0;2583.0
AVON;153470.0;77210.0;61.0;3.0;2563.0
DONNEMARIE-DONTILLY;206667.0;77520.0;91.0;5.0;2562.0
FAREMOUTIERS;125957.0;77515.0;59.0;3.0;2562.0
NANTOUILLET;192000.0;77230.0;76.0;4.0;2526.0
SEINE-PORT;222500.0;77240.0;85.0;4.0;2525.0
COULOMMIERS;138358.0;77120.0;58.0;3.0;2507.0
PROVINS;105034.0;77160.0;50.0;2.0;2502.0
MONCOURT FROMONVILLE;135000.0;77140.0;54.0;4.0;2500.0
MONTEREAU FAULT YONNE;119542.0;77130.0;53.0;3.0;2497.0
LA FERTE SOUS JOUARRE;118570.0;77260.0;49.0;2.0;2479.0
BOISSISE-LE-ROI;174500.0;77310.0;82.0;3.0;2472.0
MAISON-ROUGE;63750.0;77370.0;26.0;2.0;2472.0
COUILLY-PONT-AUX-DAMES;155333.0;77860.0;68.0;3.0;2451.0
CHAMPDEUIL;110667.0;77390.0;46.0;2.0;2450.0
VAUX-LE-PENIL;169902.0;77000.0;73.0;3.0;2437.0
ROZAY-EN-BRIE;150200.0;77540.0;63.0;3.0;2409.0
CHARMENTRAY;170000.0;77410.0;73.0;3.0;2390.0
VILLEMER;100000.0;77250.0;50.0;2.0;2348.0
ROCHETTE(LA);143848.0;77000.0;63.0;4.0;2344.0
JOUY-SUR-MORIN;129840.0;77320.0;56.0;3.0;2344.0
MONTHYON;93000.0;77122.0;40.0;2.0;2308.0
COMPANS;212000.0;77290.0;92.0;4.0;2300.0
NANGIS;115792.0;77370.0;55.0;3.0;2292.0
BLANDY;80000.0;77115.0;35.0;1.0;2286.0
OISSERY;230000.0;77178.0;101.0;4.0;2277.0
LIZY-SUR-OURCQ;109225.0;77440.0;50.0;2.0;2239.0
SAINT-AUGUSTIN;118500.0;77515.0;54.0;2.0;2237.0
NOISY-SUR-ECOLE;207150.0;77123.0;92.0;3.0;2223.0
JOUARRE;127125.0;77640.0;58.0;2.0;2192.0
BOISSY-LE-CHATEL;118167.0;77169.0;55.0;3.0;2188.0
AMILLIS;73500.0;77120.0;35.0;1.0;2100.0
CHAILLY-EN-BIERE;110000.0;77930.0;57.0;2.0;2076.0
LIVERDY-EN-BRIE;158500.0;77220.0;94.0;2.0;2041.0
SAINT-PIERRE-LES-NEMOURS;117008.0;77140.0;57.0;3.0;2040.0
POLIGNY;158050.0;77167.0;79.0;3.0;2001.0
VILLEMARECHAL;140000.0;77710.0;71.0;3.0;1972.0
SAINT-GERMAIN-LAXIS;260000.0;77950.0;132.0;4.0;1970.0
LE MEE SUR SEINE;122167.0;77350.0;68.0;3.0;1966.0
SAINT-MAMMES;124685.0;77670.0;72.0;3.0;1934.0
VERNOU-LA-CELLE-SUR-SEINE;179618.0;77670.0;100.0;4.0;1913.0
SEPT-SORTS;90000.0;77260.0;48.0;3.0;1875.0
CHAPELLE-LA-REINE (LA);107516.0;77760.0;56.0;3.0;1858.0
LUMIGNY NESLES ORMEAUX;170000.0;77540.0;101.0;4.0;1783.0
SAINTE-COLOMBE;100167.0;77650.0;57.0;2.0;1763.0
DHUISY;235000.0;77440.0;134.0;5.0;1754.0
ACHERES-LA-FORET;122500.0;77760.0;70.0;4.0;1750.0
AUFFERVILLE;149900.0;77570.0;86.0;3.0;1743.0
MOUSSEAUX-LES-BRAY;49200.0;77480.0;30.0;2.0;1734.0
BRAY-SUR-SEINE;146000.0;77480.0;82.0;4.0;1702.0
CROUY-SUR-OURCQ;98000.0;77840.0;60.0;3.0;1693.0
FONTAINE-LE-PORT;152000.0;77590.0;90.0;2.0;1689.0
LONGUEVILLE;134500.0;77650.0;94.0;4.0;1641.0
NANTEUIL-SUR-MARNE;82000.0;77730.0;50.0;2.0;1621.0
FERTE-GAUCHER (LA);77050.0;77320.0;49.0;2.0;1601.0
CELLE-SUR-MORIN (LA);107000.0;77515.0;67.0;2.0;1597.0
TRILBARDOU;220000.0;77450.0;145.0;5.0;1517.0
SOUPPES-SUR-LOING;92286.0;77460.0;62.0;3.0;1506.0
VARENNES-SUR-SEINE;63000.0;77130.0;45.0;3.0;1400.0
CITRY;120700.0;77730.0;93.0;3.0;1395.0
REBAIS;99990.0;77510.0;72.0;4.0;1389.0
CHATEAU-LANDON;87786.0;77570.0;70.0;3.0;1340.0
EGREVILLE;84533.0;77620.0;69.0;3.0;1303.0
CHANGIS-SUR-MARNE;94000.0;77660.0;78.0;4.0;1205.0
GOUAIX;97500.0;77114.0;88.0;4.0;1081.0
VILLIERS-SAINT-GEORGES;125000.0;77560.0;118.0;4.0;1059.0
MAROLLES-SUR-SEINE;140000.0;77130.0;165.0;6.0;848.0
BEAUMONT-DU-GATINAIS;41000.0;77890.0;67.0;4.0;612.0
LIVRY-SUR-SEINE;38685.0;77000.0;124.0;1.0;608.0
